        s (m)         x (m)         y (m)         z (m)         T (N)       S_n (N)       S_b (N)       u (m/s)       v (m/s)       w (m/s)     phi (rad)   theta (rad)   kappa_2 (-)   kappa_3 (-) 
 0.000000E+00  4.188000E+02  7.253830E+02 -2.000000E+02  9.079480E+05  2.114612E+02  0.000000E+00  0.000000E+00  0.000000E+00  0.000000E+00  1.577122E+00  0.000000E+00  0.000000E+00  0.000000E+00
 1.709444E+01  4.102426E+02  7.105611E+02 -2.000341E+02  9.078882E+05 -2.114613E+02  0.000000E+00 -1.680013E-03  6.397659E-01  0.000000E+00  1.568458E+00  0.000000E+00  0.000000E+00 -1.013681E-03
 3.418887E+01  4.016851E+02  6.957391E+02 -2.000208E+02  9.078691E+05  2.114613E+02  0.000000E+00 -4.585265E-04  3.898666E-01  0.000000E+00  1.571577E+00  0.000000E+00  0.000000E+00  1.378643E-03
 5.128331E+01  3.931276E+02  6.809170E+02 -2.000261E+02  9.078433E+05 -2.114613E+02  0.000000E+00 -5.944543E-04  4.885541E-01  0.000000E+00  1.570630E+00  0.000000E+00  0.000000E+00 -1.489426E-03
 6.837775E+01  3.845700E+02  6.660950E+02 -2.000240E+02  9.078274E+05  2.114613E+02  0.000000E+00 -4.338849E-04  4.497333E-01  0.000000E+00  1.570720E+00  0.000000E+00  0.000000E+00  1.499942E-03
 8.547218E+01  3.760125E+02  6.512729E+02 -2.000248E+02  9.078142E+05 -2.114614E+02  0.000000E+00 -2.321246E-04  4.650606E-01  0.000000E+00  1.570968E+00  0.000000E+00  0.000000E+00 -1.470975E-03
 1.025666E+02  3.674550E+02  6.364509E+02 -2.000245E+02  9.078063E+05  2.114614E+02  0.000000E+00 -2.277855E-04  4.589351E-01  0.000000E+00  1.570587E+00  0.000000E+00  0.000000E+00  1.426366E-03
 1.196611E+02  3.588975E+02  6.216288E+02 -2.000246E+02  9.078024E+05 -2.114614E+02  0.000000E+00  2.524655E-05  4.615808E-01  0.000000E+00  1.571023E+00  0.000000E+00  0.000000E+00 -1.375361E-03
 1.367555E+02  3.503400E+02  6.068068E+02 -2.000245E+02  9.078030E+05  2.114614E+02  0.000000E+00  1.708608E-06  4.599452E-01  0.000000E+00  1.570560E+00  0.000000E+00  0.000000E+00  1.321234E-03
 1.538499E+02  3.417825E+02  5.919847E+02 -2.000246E+02  9.078078E+05 -2.114614E+02  0.000000E+00  2.708740E-04  4.620979E-01  0.000000E+00  1.571046E+00  0.000000E+00  0.000000E+00 -1.264345E-03
 1.709444E+02  3.332250E+02  5.771627E+02 -2.000244E+02  9.078172E+05  2.114614E+02  0.000000E+00  2.315354E-04  4.574178E-01  0.000000E+00  1.570517E+00  0.000000E+00  0.000000E+00  1.202474E-03
 1.880388E+02  3.246674E+02  5.623407E+02 -2.000250E+02  9.078307E+05 -2.114613E+02  0.000000E+00  5.537415E-04  4.689937E-01  0.000000E+00  1.571147E+00  0.000000E+00  0.000000E+00 -1.128749E-03
 2.051332E+02  3.161099E+02  5.475186E+02 -2.000235E+02  9.078504E+05  2.114613E+02  0.000000E+00  4.203830E-04  4.397020E-01  0.000000E+00  1.570263E+00  0.000000E+00  0.000000E+00  1.025225E-03
 2.222176E+02  3.075574E+02  5.327053E+02 -2.000274E+02  9.078715E+05 -2.114613E+02  0.000000E+00  1.050327E-03  5.140232E-01  0.000000E+00  1.571793E+00  0.000000E+00  0.000000E+00 -8.460121E-04
 2.384798E+02  2.994166E+02  5.186049E+02 -2.000169E+02  9.079068E+05  2.114613E+02  0.000000E+00  2.881033E-04  3.169829E-01  0.000000E+00  1.568508E+00  0.000000E+00  0.000000E+00  4.419788E-04
 2.547106E+02  2.912918E+02  5.045323E+02 -1.998875E+02  9.080434E+05 -2.114612E+02  0.000000E+00 -1.485778E-03  1.243514E-03  0.000000E+00  1.557160E+00  0.000000E+00  0.000000E+00 -2.107014E-03
 2.717860E+02  2.827467E+02  4.897318E+02 -1.994794E+02  9.084267E+05  2.114608E+02  0.000000E+00 -1.318562E-03 -6.852005E-04  0.000000E+00  1.536685E+00  0.000000E+00  0.000000E+00 -2.912512E-04
 2.888768E+02  2.741996E+02  4.749279E+02 -1.987286E+02  9.091805E+05 -2.114602E+02  0.000000E+00 -1.158034E-03 -1.150740E-04  0.000000E+00  1.517121E+00  0.000000E+00  0.000000E+00 -1.998264E-03
 3.059662E+02  2.656625E+02  4.601411E+02 -1.976362E+02  9.103033E+05  2.114593E+02  0.000000E+00 -1.020090E-03 -2.159882E-04  0.000000E+00  1.496680E+00  0.000000E+00  0.000000E+00 -3.940339E-04
 3.230543E+02  2.571386E+02  4.453772E+02 -1.962034E+02  9.117928E+05 -2.114580E+02  0.000000E+00 -8.972508E-04 -2.081748E-04  0.000000E+00  1.477226E+00  0.000000E+00  0.000000E+00 -1.882958E-03
 3.401411E+02  2.486312E+02  4.306421E+02 -1.944323E+02  9.136467E+05  2.114564E+02  0.000000E+00 -7.891926E-04 -1.297986E-04  0.000000E+00  1.456921E+00  0.000000E+00  0.000000E+00 -4.937761E-04
 3.572267E+02  2.401436E+02  4.159411E+02 -1.923248E+02  9.158620E+05 -2.114546E+02  0.000000E+00 -6.937013E-04 -1.999976E-04  0.000000E+00  1.437632E+00  0.000000E+00  0.000000E+00 -1.764193E-03
 3.743111E+02  2.316790E+02  4.012800E+02 -1.898835E+02  9.184358E+05  2.114524E+02  0.000000E+00 -6.094931E-04 -8.373406E-05  0.000000E+00  1.417526E+00  0.000000E+00  0.000000E+00 -5.896405E-04
 3.913943E+02  2.232404E+02  3.866640E+02 -1.871113E+02  9.213645E+05 -2.114500E+02  0.000000E+00 -5.351193E-04 -1.884411E-04  0.000000E+00  1.398460E+00  0.000000E+00  0.000000E+00 -1.642574E-03
 4.084764E+02  2.148310E+02  3.720984E+02 -1.840115E+02  9.246443E+05  2.114472E+02  0.000000E+00 -4.695261E-04 -4.709354E-05  0.000000E+00  1.378609E+00  0.000000E+00  0.000000E+00 -6.816154E-04
 4.255575E+02  2.064535E+02  3.575881E+02 -1.805874E+02  9.282713E+05 -2.114442E+02  0.000000E+00 -4.115813E-04 -1.804645E-04  0.000000E+00  1.359819E+00  0.000000E+00  0.000000E+00 -1.518531E-03
 4.426375E+02  1.981108E+02  3.431382E+02 -1.768432E+02  9.322409E+05  2.114408E+02  0.000000E+00 -3.604875E-04 -1.623270E-05  0.000000E+00  1.340277E+00  0.000000E+00  0.000000E+00 -7.698124E-04
 4.597166E+02  1.898056E+02  3.287531E+02 -1.727827E+02  9.365488E+05 -2.114372E+02  0.000000E+00 -3.153408E-04 -1.755372E-04  0.000000E+00  1.321812E+00  0.000000E+00  0.000000E+00 -1.392509E-03
 4.767948E+02  1.815404E+02  3.144375E+02 -1.684105E+02  9.411898E+05  2.114333E+02  0.000000E+00 -2.755431E-04  9.961658E-06  0.000000E+00  1.302626E+00  0.000000E+00  0.000000E+00 -8.543961E-04
 4.938722E+02  1.733178E+02  3.001954E+02 -1.637310E+02  9.461589E+05 -2.114291E+02  0.000000E+00 -2.403719E-04 -1.727384E-04  0.000000E+00  1.284530E+00  0.000000E+00  0.000000E+00 -1.264971E-03
 5.109489E+02  1.651400E+02  2.860311E+02 -1.587493E+02  9.514509E+05  2.114247E+02  0.000000E+00 -2.093790E-04  3.221912E-05  0.000000E+00  1.265742E+00  0.000000E+00  0.000000E+00 -9.355695E-04
 5.280248E+02  1.570093E+02  2.719483E+02 -1.534703E+02  9.570602E+05 -2.114200E+02  0.000000E+00 -1.819876E-04 -1.713183E-04  0.000000E+00  1.248052E+00  0.000000E+00  0.000000E+00 -1.136388E-03
 5.451001E+02  1.489277E+02  2.579506E+02 -1.478993E+02  9.629810E+05  2.114150E+02  0.000000E+00 -1.578606E-04  5.110836E-05  0.000000E+00  1.229696E+00  0.000000E+00  0.000000E+00 -1.013562E-03
 5.621749E+02  1.408971E+02  2.440412E+02 -1.420415E+02  9.692078E+05 -2.114097E+02  0.000000E+00 -1.365397E-04 -1.707084E-04  0.000000E+00  1.212444E+00  0.000000E+00  0.000000E+00 -1.007224E-03
 5.792491E+02  1.329195E+02  2.302235E+02 -1.359026E+02  9.757343E+05  2.114043E+02  0.000000E+00 -1.177689E-04  6.708726E-05  0.000000E+00  1.194552E+00  0.000000E+00  0.000000E+00 -1.088618E-03
 5.963230E+02  1.249963E+02  2.165002E+02 -1.294880E+02  9.825547E+05 -2.113985E+02  0.000000E+00 -1.011860E-04 -1.704895E-04  0.000000E+00  1.177764E+00  0.000000E+00  0.000000E+00 -8.779299E-04
 6.133964E+02  1.171293E+02  2.028741E+02 -1.228035E+02  9.896626E+05  2.113926E+02  0.000000E+00 -8.659417E-05  8.053131E-05  0.000000E+00  1.160359E+00  0.000000E+00  0.000000E+00 -1.160990E-03
 6.304695E+02  1.093197E+02  1.893475E+02 -1.158548E+02  9.970521E+05 -2.113863E+02  0.000000E+00 -7.370955E-05 -1.703624E-04  0.000000E+00  1.144055E+00  0.000000E+00  0.000000E+00 -7.489288E-04
 6.475423E+02  1.015690E+02  1.759229E+02 -1.086479E+02  1.004717E+06  2.113799E+02  0.000000E+00 -6.237768E-05  9.175414E-05  0.000000E+00  1.127154E+00  0.000000E+00  0.000000E+00 -1.230927E-03
 6.646149E+02  9.387818E+01  1.626020E+02 -1.011884E+02  1.012650E+06 -2.113732E+02  0.000000E+00 -5.237840E-05 -1.701218E-04  0.000000E+00  1.111349E+00  0.000000E+00  0.000000E+00 -6.206128E-04
 6.816874E+02  8.624842E+01  1.493869E+02 -9.348237E+01  1.020847E+06  2.113663E+02  0.000000E+00 -4.358738E-05  1.010222E-04  0.000000E+00  1.094965E+00  0.000000E+00  0.000000E+00 -1.298672E-03
 6.987597E+02  7.868058E+01  1.362790E+02 -8.553552E+01  1.029299E+06 -2.113592E+02  0.000000E+00 -3.583639E-05 -1.696331E-04  0.000000E+00  1.079669E+00  0.000000E+00  0.000000E+00 -4.933369E-04
 7.158320E+02  7.117552E+01  1.232799E+02 -7.735382E+01  1.038002E+06  2.113519E+02  0.000000E+00 -2.902216E-05  1.085579E-04  0.000000E+00  1.063810E+00  0.000000E+00  0.000000E+00 -1.364451E-03
 7.329043E+02  6.373390E+01  1.103906E+02 -6.894300E+01  1.046948E+06 -2.113444E+02  0.000000E+00 -2.301884E-05 -1.687852E-04  0.000000E+00  1.049027E+00  0.000000E+00  0.000000E+00 -3.674158E-04
 7.499765E+02  5.635636E+01  9.761234E+01 -6.030895E+01  1.056132E+06  2.113367E+02  0.000000E+00 -1.773654E-05  1.144316E-04  0.000000E+00  1.033697E+00  0.000000E+00  0.000000E+00 -1.428477E-03
 7.670488E+02  4.904337E+01  8.494588E+01 -5.145732E+01  1.065548E+06 -2.113288E+02  0.000000E+00 -1.308847E-05 -1.670194E-04  0.000000E+00  1.019428E+00  0.000000E+00  0.000000E+00 -2.431217E-04
 7.841212E+02  4.179538E+01  7.239198E+01 -4.239389E+01  1.075189E+06  2.113207E+02  0.000000E+00 -8.974576E-06  1.167513E-04  0.000000E+00  1.004625E+00  0.000000E+00  0.000000E+00 -1.490946E-03
 8.011938E+02  3.461266E+01  5.995116E+01 -3.312418E+01  1.085049E+06 -2.113124E+02  0.000000E+00 -5.413511E-06 -1.560434E-04  0.000000E+00  9.908682E-01  0.000000E+00  0.000000E+00 -1.206701E-04
 8.182664E+02  2.749548E+01  4.762383E+01 -2.365381E+01  1.095123E+06  2.113039E+02  0.000000E+00 -1.998715E-06  8.226566E-05  0.000000E+00  9.765888E-01  0.000000E+00  0.000000E+00 -1.552096E-03
 8.353500E+02  2.043954E+01  3.540260E+01 -1.398202E+01  1.105411E+06 -2.112953E+02  0.000000E+00  1.607097E-28 -7.186887E-28  0.000000E+00  9.633311E-01  0.000000E+00  0.000000E+00  6.310887E-30
